43375
4
43378
4
43381
5
43384
4
43372
4
43385
4
43386
4
43387
3
43379
4
43390
4
43382
5
43389
3
43391
4
43374
3
43383
3
43380
4
43373
4
43376
4
43388
3
43377
3
43375
3
43378
4
43381
3
43384
4
43385
4
43372
4
43386
3
43387
5
43379
5
43389
5
43382
4
43390
4
43391
4
43380
4
43376
5
43373
4
43383
3
43388
5
43374
3
43377
4
43375
4
43378
4
43381
4
43385
3
43389
3
43379
4
43387
4
43386
4
43372
4
43390
3
43384
3
43382
3
43391
3
43373
4
43380
3
43376
2
43383
3
43388
3
43374
4
43377
4
43375
3
43378
3
43381
3
43389
3
43379
3
43372
3
43385
4
43386
3
43390
4
43382
3
43387
3
43384
4
43391
4
43380
4
43383
3
43373
3
43376
5
43388
4
43374
3
43377
3
43375
5
43381
5
43378
4
43389
5
43379
4
43372
4
43385
4
43382
5
43386
4
43390
4
43387
4
43384
5
43391
4
43376
5
43373
4
43383
4
43380
4
43388
3
43377
3
43374
4
43375
4
43381
3
43378
3
43385
3
43379
5
43389
4
43372
4
43382
4
43386
3
43390
6
43387
5
43384
5
43391
4
43376
3
43380
5
43383
4
43373
6
43388
3
43377
3
43374
3
43381
4
43375
4
43378
4
43379
3
43386
3
43389
5
43382
6
43385
4
43390
5
43372
4
43387
5
43391
3
43384
3
43380
4
43376
5
43388
4
43373
5
43383
3
43377
4
43374
5
43381
4
43375
4
43378
3
43379
2
43385
5
43389
3
43382
4
43386
4
43390
4
43372
4
43391
4
43387
5
43384
4
43376
3
43388
5
43373
3
43383
3
43380
3
43377
3
43374
4
43381
4
43375
4
43378
3
43385
4
43389
6
43386
5
43379
2
43382
3
43390
3
43372
7
43391
4
43387
5
43384
6
43373
4
43383
3
43388
4
43376
3
43377
4
43380
3
43374
4
43381
5
43375
3
43378
3
43386
3
43382
4
43379
3
43389
3
43372
3
43390
3
43385
5
43391
3
43387
3
43384
4
43388
2
43373
3
43383
4
43376
5
43377
2
43380
5
43374
5
43381
4
43378
4
43375
4
43389
3
43382
4
43390
4
43379
4
43372
4
43391
4
43386
4
43385
3
43387
3
43384
4
43383
3
43388
4
43377
3
43376
4
43373
4
43380
3
43374
3
43381
5
43378
3
43375
3
43382
4
43391
2
43379
4
43389
5
43386
4
43390
3
43372
4
43387
3
43385
5
43384
3
43377
3
43388
2
43380
4
43376
4
43373
4
43383
4
43374
6
43378
3
43381
6
43375
3
43382
5
43379
5
43391
4
43386
3
43390
5
43389
4
43372
2
43385
5
43387
2
43384
3
43377
3
43388
3
43373
2
43376
5
43380
6
43383
3
43374
4
43381
3
43375
4
43378
2
43382
3
43391
2
43389
3
43390
4
43379
3
43386
3
43385
3
43384
4
43372
3
43373
4
43377
3
43380
3
43374
3
43376
3
43383
2
43381
4
43375
3
43378
4
43390
3
43382
4
43391
4
43386
4
43389
4
43379
4
43385
4
43372
4
43384
3
43380
4
43377
3
43376
4
43373
4
43374
4
43383
3
43375
4
43381
5
43378
3
43390
5
43382
3
43386
3
43389
3
43379
4
43391
5
43385
4
43372
4
43384
4
43380
3
43373
4
43374
3
43377
4
43376
3
43383
5
43375
4
43381
3
43378
5
43390
4
43386
4
43382
4
43389
4
43391
3
43385
3
43372
3
43379
4
43384
3
43373
4
43380
3
43374
4
43377
4
43376
5
43383
4
43375
5
43381
4
43378
5
43390
3
43386
4
43382
4
43391
3
43389
3
43385
3
43372
4
43379
3
43384
3
43376
3
43377
6
43383
2
43380
4
43373
3
43374
3
43375
5
43381
3
43378
4
43390
3
43385
5
43389
4
43391
4
43386
4
43382
3
43372
4
43379
3
43384
4
43383
4
43376
3
43373
4
43380
3
43377
4
43374
3
43381
4
43378
5
43375
4
43390
3
43385
4
43389
4
43391
3
43382
3
43372
5
43386
4
43384
4
43379
4
43383
3
43377
5
43373
3
43374
4
43376
4
43380
3
43381
4
43375
4
43378
4
43391
3
43385
4
43389
4
43390
3
43382
5
43372
4
43386
3
43379
4
43384
3
43373
3
43374
4
43376
4
43383
4
43380
4
43377
4
43375
3
43381
3
43378
3
43385
3
43391
5
43390
3
43382
4
43372
4
43386
4
43389
3
43384
4
43379
4
43373
5
43374
4
43376
3
43383
5
43377
3
43380
4
43378
6
43375
6
43381
3
43385
3
43391
3
43390
4
43372
3
43389
5
43386
5
43382
3
43384
3
43379
4
43373
3
43376
3
43374
3
43383
3
43377
6
43380
3
43375
4
43378
4
43381
3
43391
4
43372
3
43390
3
43385
4
43386
4
43389
3
43382
3
43384
3
43379
4
43376
4
43383
3
43380
3
43374
3
43377
3
43373
3
43375
4
43378
4
43381
3
43372
3
43390
3
43386
3
43391
2
43385
3
43382
3
43384
3
43389
3
43379
2
43376
2
43383
2
43380
4
43374
3
43377
4
43373
3
43378
3
43375
3
43381
3
43372
2
43390
3
43391
3
43386
4
43385
3
43384
4
43382
3
43389
3
43379
3
43380
3
43374
3
43383
4
43376
3
43377
4
43373
3
43375
3
43381
4
43378
3
43372
3
43390
3
43391
6
43386
2
43389
4
43385
4
43382
3
43384
3
43379
4
43374
3
43383
6
43380
3
43376
3
43377
2
43373
6
43375
3
43381
4
43378
3
43391
4
43390
4
43372
3
43386
3
43382
3
43389
4
43379
3
43384
3
43385
3
43380
4
43383
4
43374
3
43376
4
43377
4
43373
4
43378
3
43375
4
43381
3
43372
3
43390
3
43391
4
43386
3
43382
4
43385
4
43379
4
43389
3
43384
4
43374
4
43383
3
43373
3
43380
3
43376
3
43377
3
43375
4
43381
3
43378
4
43390
4
43386
3
43391
3
43382
4
43372
4
43385
4
43384
3
43379
3
43389
3
43373
4
43383
3
43380
4
43374
3
43376
3
43377
4
43375
3
43381
4
43378
3
43386
4
43382
3
43391
5
43390
3
43372
3
43384
3
43385
2
43379
3
43389
3
43373
5
43374
3
43380
3
43383
5
43377
3
43376
3
43381
5
43378
3
43375
3
43386
3
43385
4
43390
4
43391
5
43372
3
43382
4
43379
4
43384
3
43389
4
43374
3
43380
3
43373
5
43383
5
43377
3
43376
4
43381
4
43378
3
43375
2
43385
3
43386
3
43390
3
43391
5
43372
3
43382
5
43384
4
43379
3
43389
3
43374
4
43380
3
43373
5
43383
6
43377
3
43376
5
43381
2
43385
3
43386
4
43391
5
43382
2
43384
4
43390
3
43379
3
43389
3
43374
3
43380
4
43373
5
43376
4
43383
4
43381
2
43386
2
43379
3
43390
2
43385
3
43382
3
43391
2
43384
2
43389
3
43376
2
43374
3
43383
3
43373
2
43380
3
